1	277
2	144
3	144
4	621
5	621
6	700
7	700
8	2303
9	2303
10	2628
11	2628
12	2568
13	2568
14	348
15	348
16	66
17	66
18	244
19	244
20	123
21	123
22	2629
23	2629
24	697
25	697
26	6579
27	6579
28	1179
29	1179
30	2480
31	2480
32	5660
33	5660
34	6283
35	6283
36	2075
37	2075
38	2154
39	2154
40	70
41	70
42	1692
43	1692
44	19557
45	19557
46	814
47	814
48	716
49	716
50	578
51	578
52	1249
53	1249
54	16664
55	16664
56	570
57	570
58	271
59	271
60	977
61	977
62	932
63	4958
64	230
65	1697
66	1958
67	968
68	1564
69	2214
70	2368
71	7337
72	147
73	1172
74	2597
75	667
76	525
77	691
78	5186
79	769
80	681
81	1255
82	30168
83	113
84	273
85	417
86	1956
87	56
88	409
89	1132
90	682
91	2075
92	6099
93	747
94	538
95	993
96	862
97	71
98	1337
99	877
100	878
101	544
102	676
103	702
104	798
105	905
106	577
107	88
108	502
109	406
110	843
111	678
112	1144
113	60
114	905
115	860
116	1088
117	527
118	923
119	254
120	1106
121	3108
122	651
123	665
124	4450
125	1252
126	486
127	571
128	2334
129	2042
130	691
131	349
132	292
133	914
134	605
135	1120
136	9536
137	622
138	679
139	259
140	879
141	987
142	1303
143	262
144	364
145	606
146	1108
147	416
148	56
149	1269
150	622
151	509
152	311
153	576
154	153
155	376
156	54
157	4450
158	677
159	293
160	552
161	381
162	106597
163	677
164	820
165	1335
166	790
167	981
168	2801
169	358
170	527
171	6823
172	4537
173	8558
174	9194
175	1531
176	201
177	997
178	2901
179	1474
180	1615
181	68
182	1373
183	4450
184	1426
185	1031
186	4888
187	1292
188	635
189	1009
190	192
191	702
192	745
193	5601
194	1013
195	6876
196	895
197	102
198	830
199	8246
200	277
201	277
202	277
203	277
204	277
205	509
206	3330
207	708
208	7187
209	711
210	966
211	2935
212	171
213	476
214	6810
215	852
216	244
217	577
218	1064
219	625
220	769
221	3129
222	8
223	1051
224	1470
225	2370
226	2819
227	894
228	1010
229	5847
230	3051
231	2337
232	2000
233	172
234	388
235	2545
236	562
237	4889
238	435
239	640
240	3780
241	13744
242	487
243	682
244	847
245	524
246	2743
247	998
248	1477
249	1561
250	370
251	100
252	256
253	2021
254	1053
255	1594
256	1051
257	347
258	1237
259	3107
260	686
261	3414
262	3221
263	7491
264	939
265	2703
266	1256
267	1116
268	2420
269	217
270	160
271	571
272	475
273	2743
274	2460
275	246
276	1328
277	816
278	3284
279	734
280	1592
281	217
282	787
283	1010
284	3069
285	1177
286	567
287	4157
288	5449
289	176
290	141
291	349
292	489
293	243
294	612
295	240
296	1875
297	1185
298	6412
299	244
300	2845
301	3188
302	2758
303	1007
304	840
305	1185
306	443
307	1972
308	914
309	1768
310	2247
311	3868
312	625
313	2810
314	1357
315	2722
316	625
317	4891
318	418
319	2002
320	2156
321	911
322	892
323	8794
324	1276
325	298
326	578
327	91
328	533
329	1922
330	1480
331	1366
332	635
333	907
334	635
335	635
336	640
337	617
338	1485
339	270
340	6467
341	358
342	204
343	3046
344	9617
345	257
346	771
347	883
348	183
349	8853
350	561
351	2447
352	75
353	668
354	6519
355	1769
356	5508
357	1637
358	6737
359	686
360	248
361	844
362	510
363	478
364	711
365	276
366	251
367	574
368	281
369	1017
370	1200
371	1359
372	3520
373	1350
374	332
375	652
376	251
377	385
378	11883
379	254
380	780
381	248
382	246
383	299
384	290
385	305
386	253
387	1579
388	295
389	274
390	271
391	246
392	247
393	862
394	251
395	258
396	251
397	250
398	1054
399	259
400	2465
401	5502
402	610
403	326
404	332
405	1635
406	1137
407	397
408	812
409	454
410	581
411	517
412	540
413	544
414	568
415	630
416	337
417	326
418	2860
419	352
420	431
421	1015
422	8853
423	6793
424	693
425	354
426	4922
427	3319
428	5323
429	5323
430	347
431	1029
432	8408
433	8371
434	261
435	862
436	6412
437	2525
438	4670
439	546
440	410
441	1960
442	2356
443	514
444	2373
445	1603
446	327
447	607
448	9617
449	210
450	2030
451	1017
452	395
453	2220
454	2223
455	2910
456	2417
457	2524
458	1475
459	1615
460	925
461	1003
462	415
463	2224
464	83
465	6791
466	2103
467	3655
468	663
469	521
470	2274
471	2503
472	2496
473	2551
474	995
475	265
476	2561
477	422
478	3078
479	219
480	4054
481	2087
482	2437
483	400
484	3370
485	3341
486	2670
487	270
488	652
489	926
490	2204
491	2190
492	289
493	591
494	1607
495	851
496	1473
497	461
498	1587
499	236
500	332
501	2818
502	563
503	534
504	901
505	1117
506	3042
507	17581
508	2401
509	1077
510	1676
511	1383
512	4528
513	1021
514	7338
515	1207
516	867
517	867
518	121
519	584
520	1024
521	977
522	737
523	19
524	1528
525	4780
526	388
527	523
528	957
529	7954
530	585
531	547
532	483
533	1814
534	1221
535	2007
536	3374
537	263
538	573
539	512
540	669
541	569
542	583
543	394
544	1000
545	1879
546	7352
547	2133
548	3044
549	6
550	9390
551	11030
552	1056
553	91
554	908
555	92
556	1761
557	365
558	483
559	1870
560	293
561	311
562	102
563	6291
564	970
565	1310
566	502
567	346
568	406
569	273
570	1473
571	310
572	3114
573	798
574	289
575	279
576	493
577	1033
578	777
579	1348
580	5443
581	5443
582	953
583	5443
584	5443
585	385
586	142
587	5443
588	5443
589	5443
590	200
591	107
592	5443
593	5443
594	888
595	762
596	1902
597	1102
598	331
599	338
600	1472
601	1472
602	3968
603	2415
604	476
605	2856
606	1084
607	1392
608	1654
609	2418
610	666
611	191
612	834
613	5443
614	278
615	5443
616	837
617	5443
618	4731
619	7518
620	695
621	177
622	1409
623	1310
624	908
625	2046
626	1884
627	1628
628	799
629	45606
630	1868
631	1102
632	7686
633	2814
634	230
635	2349
636	436
637	2046
638	2683
639	669
640	536
641	2080
642	580
643	580
644	460
645	1276
646	7535
647	149
648	3100
649	804
650	886
651	1479
652	1051
653	2017
654	616
655	3210
656	296
657	390
658	7507
659	3403
660	688
661	1890
662	1321
663	1620
664	1637
665	1214
666	4930
667	271
668	1366
669	307
670	470
671	1894
672	294
673	8573
674	1229
675	575
676	46338
677	3004
678	1256
679	8715
680	1413
681	2014
682	1424
683	1402
684	1861
685	850
686	1346
687	1739
688	628
689	873
690	561
691	622
692	484
693	1256
694	723
695	145
696	1713
697	8287
698	1346
699	2370
700	1295
701	1333
702	1279
703	1479
704	1607
705	1200
706	1915
707	313
708	599
709	2014
710	2666
711	4930
712	7758
713	968
714	298
715	459
716	8602
717	855
718	249
719	867
720	278
721	4100
722	475
723	1053
724	8573
725	1256
726	312781
727	329
728	1861
729	4006
730	808
731	1256
732	732
733	545
734	1718
735	222
736	468
737	1018
738	247
739	1958
740	1410
741	1406
742	220
743	263
744	285
745	1336
746	257
747	265
748	266
749	893
750	248
751	254
752	1131
753	254
754	643
755	260
756	212
757	3646
758	533
759	213
760	860
761	873
762	479
763	1291
764	212
765	290
766	582
767	4017
768	309
769	2292
770	1131
771	279
772	645
773	830
774	1255
775	930
776	842
777	307
778	1213
779	213
780	684
781	1892
782	813
783	846
784	364
785	3939
786	564
787	1435
788	1208
789	605
790	774
791	2893
792	4198
793	930
794	1206
795	636
796	550
797	1007
798	926
799	1527
800	407
801	1824
802	1175
803	684
804	1255
805	1806
806	766
807	4149
808	701
809	181
810	733
811	1919
812	2911
813	8177
814	374
815	2437
816	669
817	485
818	5507
819	191
820	101
821	181
822	268
823	4293
824	11954
825	299
826	315
827	614
828	1678
829	2081
830	314
831	282
832	758
833	1120
834	862
835	580
836	11
837	553
838	477
839	6388
840	390
841	163
842	583
843	589
844	1353
845	1102
846	1924
847	4100
848	619
849	2026
850	7180
851	1512
852	983
853	522
854	1282
855	501
856	501
857	501
858	501
859	501
860	4557
861	2290
862	400
863	962
864	695
865	2294
866	669
867	2523
868	1220
869	1293
870	717
871	422
872	1338
873	1507
874	905
875	495
876	5420
877	495
878	19829
879	1075
880	763
881	825
882	362
883	2663
884	894
885	1210
886	1812
887	1094
888	1143
889	742
890	497
891	503
892	296
893	844
894	1398
895	1188
896	2239
897	1197
898	2395
899	2879
900	147
901	1841
902	966
903	1103
904	967
905	983
906	2400
907	995
908	259
909	9910
910	1266
911	915
912	148
913	2199
914	259
915	2206
916	987
917	2671
918	204
919	931
920	682
921	1030
922	3297
923	625
924	281
925	841
926	6905
927	164
928	218
929	2029
930	281
931	1841
932	2477
933	703
934	15714
935	932
936	2702
937	988
938	1780
939	118
940	831
941	682
942	547
943	899
944	655
945	1016
946	4679
947	11891
948	2073
949	1799
950	629
951	1094
952	1664
953	1889
954	814
955	814
956	1068
957	1005
958	1227
959	3561
960	443
961	271
962	274
963	116
964	8316
965	427
966	682
967	2329
968	2456
969	1090
970	156
971	851
972	733
973	6063
974	1068
975	7267
976	157
977	232
978	250
979	422
980	341
981	1431
982	385
983	1107
984	1328
985	1456
986	430
987	202
988	2026
989	2026
990	2026
991	2026
992	2026
993	2026
994	2026
995	2026
996	2026
997	2026
998	1656
999	648
1000	1086
1001	5388
1002	2740
1003	2085
1004	648
1005	648
1006	5388
1007	625
1008	6334
1009	5388
1010	404
1011	2583
1012	1631
1013	1125
1014	1812
1015	3313
1016	2342
1017	1218
1018	808
1019	808
1020	808
1021	808
1022	1310
1023	2935
1024	1671
1025	2592
1026	561
1027	2935
1028	1671
1029	1290
1030	3050
1031	958
1032	2597
1033	5236
1034	946
1035	1565
1036	1420
1037	273
1038	195
1039	1742
1040	229
1041	1909
1042	1678
1043	952
1044	684
1045	1265
1046	9426
1047	5533
1048	747
1049	768
1050	666
1051	2806
1052	708
1053	243
1054	534
1055	540
1056	1441
1057	1212
1058	776
1059	1935
1060	2283
1061	1290
1062	1004
1063	1031
1064	1031
1065	534
1066	1031
1067	1031
1068	1392
1069	476
1070	1261
1071	2795
1072	1282
1073	1852
1074	765
1075	907
1076	907
1077	907
1078	907
1079	985
1080	758
1081	1192
1082	1006
1083	1254
1084	1106
1085	5249
1086	9572
1087	1238
1088	907
1089	907
1090	1253
1091	919
1092	822
1093	909
1094	1266
1095	907
1096	1319
1097	1254
1098	1254
1099	907
1100	20833
1101	769
1102	819
1103	1615
1104	1478
1105	3223
1106	418
1107	2318
1108	807
1109	416
1110	416
1111	1447
1112	424
1113	11046
1114	263
1115	858
1116	1814
1117	1175
1118	2202
1119	2174
1120	985
1121	2045
1122	2204
1123	2274
1124	2210
1125	2197
1126	1997
1127	1635
1128	1587
1129	995
1130	477
1131	250
1132	9161
1133	851
1134	1109
1135	2960
1136	5604
1137	259
1138	477
1139	1109
1140	2717
1141	804
1142	33270
1143	433
1144	4711
1145	418
1146	667
1147	550
1148	418
1149	1857
1150	1175
1151	1181
1152	2666
1153	477
1154	9162
1155	1195
1156	16171
1157	6333
1158	232
1159	255
1160	4665
1161	2706
1162	825
1163	374
1164	1428
1165	517
1166	1315
1167	1051
1168	894
1169	1180
1170	2882
1171	1725
1172	1974
1173	2493
1174	2548
1175	986
1176	769
1177	3129
1178	11112
1179	2482
1180	3070
1181	508
1182	471
1183	794
1184	794
1185	794
1186	202
1187	547
1188	2373
1189	591
1190	2497
1191	227
1192	2285
1193	794
1194	770
1195	770
1196	3393
1197	191
1198	3390
1199	4439
1200	828
1201	326
1202	1466
1203	2476
1204	2531
1205	3280
1206	1721
1207	189
1208	1528
1209	1078
1210	8377
1211	363
1212	3188
1213	2590
1214	575
1215	347
1216	482
1217	345
1218	946
1219	491
1220	2680
1221	7337
1222	840
1223	2928
1224	1827
1225	1107
1226	210
1227	269
1228	553
1229	488
1230	3543
1231	5801
1232	3621
1233	246
1234	829
1235	427
1236	1880
1237	2537
1238	260
1239	683
1240	594
1241	157
1242	1985
1243	883
1244	6099
1245	1121
1246	6219
1247	347
1248	922
1249	315
1250	348
1251	371
1252	264
1253	334
1254	239
1255	319
1256	309
1257	257
1258	225
1259	326
1260	260
1261	321
1262	287
1263	286
1264	308
1265	502
1266	861
1267	2753
1268	1009
1269	295
1270	1431
1271	372
1272	1171
1273	1017
1274	993
1275	490
1276	1019
1277	737
1278	6043
1279	6095
1280	10324
1281	200
1282	1241
1283	1750
1284	934
1285	855
1286	758
1287	241
1288	668
1289	697
1290	807
1291	770
1292	297
1293	1002
1294	770
1295	664
1296	740
1297	470
1298	1122
1299	732
1300	733
1301	994
1302	654
1303	440
1304	762
1305	732
1306	750
1307	771
1308	783
1309	735
1310	1052
1311	724
1312	749
1313	760
1314	818
1315	1766
1316	3137
1317	297
1318	2631
1319	1287
1320	403
1321	553
1322	1438
1323	670
1324	2290
1325	2369
1326	1794
1327	1695
1328	372
1329	297
1330	652
1331	669
1332	1108
1333	1843
1334	1887
1335	1612
1336	2235
1337	439
1338	276
1339	694
1340	1718
1341	1741
1342	1294
1343	293
1344	6231
1345	2153
1346	766
1347	385
1348	5583
1349	1137
1350	555
1351	5998
1352	662
1353	1733
1354	729
1355	600
1356	444
1357	867
1358	1528
1359	1401
1360	324
1361	324
1362	324
1363	1091
1364	1115
1365	31663
1366	324
1367	2995
1368	687
1369	762
1370	809
1371	1554
1372	12855
1373	229
1374	955
1375	601
1376	1074
1377	286
1378	432
1379	678
1380	274
1381	543
1382	1500
1383	1785
1384	309
1385	3180
1386	226
1387	110875
1388	535
1389	2945
1390	1602
1391	2597
1392	3511
1393	371
1394	682
1395	210
1396	582
1397	158
1398	1508
1399	1614
1400	995
1401	3666
1402	62515
1403	1204
1404	202
1405	4330
1406	4782
1407	1431
1408	4675
1409	577
1410	3754
1411	812
1412	1727
1413	1851
1414	1620
1415	3211
1416	3688
1417	488
1418	3453
1419	501
1420	480
1421	860
1422	816
1423	1130
1424	414
1425	1772
1426	863
1427	418
1428	411
1429	410
1430	1413
1431	21956
1432	756
1433	1164
1434	2403
1435	3311
1436	250
1437	1384
1438	487
1439	11714
1440	386
1441	951
1442	770
1443	4191
1444	688
1445	838
1446	849
1447	7377
1448	725
1449	13689
1450	18364
1451	8013
1452	10850
1453	5340
1454	623
1455	838
1456	151
1457	2186
1458	151
1459	1301
1460	771
1461	1049
1462	1049
1463	426
1464	508
1465	342
1466	4486
1467	2247
1468	317
1469	317
1470	1188
1471	11711
1472	306
1473	1095
1474	1382
1475	11936
1476	1401
1477	367
1478	3694
1479	1059
1480	331
1481	331
1482	323
1483	339
1484	331
1485	331
1486	331
1487	331
1488	331
1489	1802
1490	331
1491	331
1492	1196
1493	630
1494	374
1495	359
1496	378
1497	1024
1498	308
1499	1006
1500	11030
1501	2600
1502	276
1503	1727
1504	314
1505	855
1506	625
1507	1869
1508	531
1509	78
1510	8722
1511	13367
1512	8751
1513	439
1514	8317
1515	425
1516	3778
1517	1347
1518	8752
1519	2007
1520	2424
1521	1212
1522	1063
1523	1962
1524	295
1525	2329
1526	1125
1527	231
1528	797
1529	1189
1530	3737
1531	499
1532	314
1533	1600
1534	1198
1535	534
1536	246
1537	795
1538	487
1539	254
1540	1790
1541	295
1542	598
1543	3603
1544	5598
1545	733
1546	4675
1547	1429
1548	1069
1549	4829
1550	276
1551	4722
1552	4740
1553	4703
1554	4643
1555	196
1556	2405
1557	4745
1558	4715
1559	4758
1560	4686
1561	4705
1562	714
1563	4798
1564	963
1565	361
1566	4695
1567	515
1568	4705
1569	587
1570	8297
1571	1620
1572	4664
1573	747
1574	4642
1575	570
1576	445
1577	331
1578	649
1579	312
1580	615
1581	439
1582	289
1583	312
1584	565
1585	5477
1586	469
1587	169
1588	332
1589	629
1590	431
1591	622
1592	455
1593	467
1594	433
1595	473
1596	709
1597	503
1598	1010
1599	384
1600	686
1601	439
1602	315
1603	449
1604	132
1605	422
1606	371
1607	760
1608	904
1609	299
1610	463
1611	1013
1612	629
1613	271
1614	623
1615	2365
1616	417
1617	1374
1618	592
1619	1487
1620	1951
1621	3487
1622	878
1623	382
1624	512
1625	182
1626	1831
1627	394
1628	1079
1629	422
1630	577
1631	1953
1632	356
1633	182
1634	1203
1635	1109
1636	489
1637	369
1638	4442
1639	477
1640	1242
1641	179
1642	295
1643	640
1644	164
1645	206
1646	394
1647	708
1648	909
1649	389
1650	534
1651	797
1652	5690
1653	830
1654	4591
1655	1473
1656	460
1657	1428
1658	1428
1659	2106
1660	1528
1661	812
1662	552
1663	2234
1664	4354
1665	2160
1666	716
1667	725
1668	1415
1669	903
1670	1048
1671	525
1672	1065
1673	2248
1674	797
1675	8794
1676	1286
1677	1137
1678	1228
1679	3494
1680	323
1681	510
1682	835
1683	1170
1684	503
1685	4559
1686	828
1687	271
1688	826
1689	1447
1690	618
1691	819
1692	1529
1693	671
1694	2578
1695	2146
1696	2285
1697	524
1698	702
1699	17579
1700	5559
1701	1947
1702	1041
1703	788
1704	792
1705	487
1706	1435
1707	526
1708	464
1709	466
1710	621
1711	664
1712	633
1713	492
1714	624
1715	2017
1716	788
1717	17579
1718	600
1719	470
1720	351
1721	2086
1722	1083
1723	1050
1724	497
1725	306
1726	734
1727	329
1728	122
1729	5052
1730	703
1731	5062
1732	278
1733	4365
1734	160
1735	651
1736	329
1737	2086
1738	3148
1739	453
1740	992
1741	3045
1742	1297
1743	4558
1744	5341
1745	5343
1746	2450
1747	553
1748	1486
1749	3037
1750	1700
1751	9117
1752	212
1753	863
1754	5301
1755	2932
1756	1325
1757	897
1758	1667
1759	2327
1760	1618
1761	4080
1762	799
1763	309
1764	2356
1765	904
1766	736
1767	1895
1768	2679
1769	641
1770	552
1771	746
1772	115
1773	67
1774	1104
1775	495
1776	746
1777	1249
1778	579
1779	411
1780	2031
1781	1005
1782	155
1783	4035
1784	882
1785	284
1786	3722
1787	7521
1788	2012
1789	1266
1790	518
1791	8386
1792	1470
1793	1464
1794	1338
1795	825
1796	4891
1797	624
1798	624
1799	1091
1800	3495
1801	3495
1802	1464
1803	1763
1804	657
1805	3657
1806	1407
1807	1186
1808	1546
1809	571
1810	2272
1811	767
1812	1182
1813	709
1814	842
1815	713
1816	529
1817	738
1818	2102
1819	1925
1820	1613
1821	19558
1822	1672
1823	5624
1824	557
1825	539
1826	380
1827	2448
1828	389
1829	1915
1830	1828
1831	819
1832	1835
1833	685
1834	3808
1835	5892
1836	431
1837	3861
1838	1464
1839	1780
1840	1536
1841	2647
1842	2373
1843	705
1844	1857
1845	2567
1846	2311
1847	815
1848	2311
1849	3533
1850	1616
1851	728
1852	2392
1853	2401
1854	159
1855	3415
1856	1732
1857	2066
1858	428
1859	627
1860	3521
1861	1468
1862	1632
1863	730
1864	14092
1865	2597
1866	794
1867	938
1868	616
1869	1895
1870	2515
1871	388
1872	728
1873	1047
1874	1304
1875	1692
1876	4718
1877	1767
1878	134
1879	642
1880	909
1881	5368
1882	2085
1883	2007
1884	2104
1885	834
1886	4481
1887	932
1888	261
1889	3082
1890	928
1891	1091
1892	3641
1893	1427
1894	1006
1895	1181
1896	456
1897	306
1898	6146
1899	2575
1900	1889
1901	566
1902	624
1903	561
1904	9874
1905	1061
1906	1092
1907	5625
1908	10
1909	607
1910	595
1911	1729
1912	911
1913	118
1914	3395
1915	1630
1916	1632
1917	866
1918	2853
1919	1902
1920	1195
1921	785
1922	3315
1923	634
1924	712
1925	501
1926	818
1927	4520
1928	2627
1929	955
1930	661
1931	1340
1932	2455
1933	1934
1934	1604
1935	2411
1936	557
1937	1176
1938	1464
1939	887
1940	538
1941	1271
1942	669
1943	1248
1944	917
1945	9378
1946	3949
1947	32071
1948	358
1949	767
1950	211
1951	533
1952	571
1953	2876
1954	1105
1955	212
1956	672
1957	397
1958	1227
1959	1590
1960	741
1961	211
1962	2760
1963	61161
1964	1339
1965	1632
1966	2158
1967	669
1968	485
1969	1690
1970	527
1971	1636
1972	820
1973	4422
1974	273
1975	273
1976	156
1977	273
1978	211
1979	211
1980	1634
1981	6042
1982	122
1983	3726
1984	621
1985	763
1986	912
1987	678
1988	665
1989	2295
1990	566
1991	6414
1992	195
1993	3287
1994	1690
1995	1661
1996	1680
1997	3612
1998	1326
1999	14790
2000	8802
2001	528
2002	689
2003	864
2004	714
2005	6299
2006	566
2007	387
2008	373
2009	377
2010	566
2011	839
2012	2606
2013	2606
2014	256
2015	1096
2016	2408
2017	4223
2018	19133
2019	689
2020	864
2021	528
2022	1442
2023	3544
2024	1082
2025	1594
2026	1096
2027	697
2028	12270
2029	521
2030	520
2031	6419
2032	362
2033	1349
2034	367
2035	791
2036	792
2037	1000
2038	711
2039	1340
2040	3773
2041	1026
2042	845
2043	4663
2044	651
2045	770
2046	510
2047	196
2048	1858
2049	480
2050	2392
2051	469
2052	775
2053	688
2054	2023
2055	884
2056	557
2057	1119
2058	393
2059	949
2060	535
2061	1357
2062	1680
2063	555
2064	611
2065	1436
2066	2389
2067	942
2068	1614
2069	285
2070	977
2071	817
2072	2158
2073	1010
2074	4446
2075	115
2076	2827
2077	473
2078	271
2079	29092
2080	1017
2081	16067
2082	1014
2083	893
2084	1093
2085	1029
2086	2408
2087	936
2088	382
2089	7169
2090	5017
2091	801
2092	11292
2093	894
2094	967
2095	826
2096	1467
2097	239
2098	18752
2099	18752
2100	18686
2101	1784
2102	2189
2103	2663
2104	514
2105	18686
2106	515
2107	1925
2108	974
2109	2374
2110	1055
2111	970
2112	1339
2113	5532
2114	833
2115	543
2116	172
2117	10841
2118	797
2119	1212
2120	2050
2121	218
2122	834
2123	1770
2124	1638
2125	3043
2126	3311
2127	769
2128	939
2129	463
2130	1207
2131	1828
2132	1827
2133	1828
2134	1828
2135	1827
2136	837
2137	721
2138	12077
2139	3141
2140	937
2141	2239
2142	1664
2143	69623
2144	293
2145	315
2146	5014
2147	311
2148	2294
2149	5269
2150	442
2151	4020
2152	397
2153	4593
2154	1891
2155	788
2156	723
2157	1586
2158	310
2159	384
2160	856
2161	704
2162	732
2163	848
2164	1829
2165	471
2166	1630
2167	17699
2168	853
2169	437
2170	8211
2171	375
2172	390
2173	1135
2174	2408
2175	873
2176	979
2177	979
2178	979
2179	604
2180	2079
2181	725
2182	725
2183	113
2184	1230
2185	647
2186	414
2187	607
2188	530
2189	7251
2190	7286
2191	147
2192	13624
2193	3172
2194	3172
2195	7148
2196	4875
2197	9
2198	157
2199	1457
2200	544
2201	625
2202	1210
2203	952
2204	1629
2205	2597
2206	287
2207	287
2208	417
2209	479
2210	293
2211	1148
2212	2830
2213	1332
2214	858
2215	1192
2216	1476
2217	2772
2218	598
2219	4001
2220	186
2221	176
2222	1174
2223	4352
2224	2301
2225	149
2226	443
2227	2040
2228	2287
2229	1931
2230	1935
2231	1551
2232	535
2233	1935
2234	148
2235	1935
2236	489
2237	1935
2238	1935
2239	1935
2240	4352
2241	780
2242	4352
2243	866
2244	254
2245	421
2246	1217
2247	1206
2248	319
2249	8277
2250	10732
2251	2117
2252	538
2253	3102
2254	627
2255	550
2256	627
2257	1192
2258	1410
2259	173
2260	696
2261	947
2262	728
2263	1308
2264	1806
2265	409
2266	1070
2267	17115
2268	2912
2269	16176
2270	2423
2271	2105
2272	316
2273	2421
2274	407
2275	1319
2276	1225
2277	1355
2278	355
2279	491
2280	1220
2281	1319
2282	3660
2283	510
2284	1894
2285	690
2286	412
2287	620
2288	1931
2289	3110
2290	4740
2291	859
2292	353
2293	909
2294	199
2295	848
2296	391
2297	580
2298	516
2299	539
2300	4410
2301	4454
2302	1099
2303	4135
2304	4461
2305	4461
2306	4328
2307	4423
2308	4460
2309	806
2310	652
2311	491
2312	1121
2313	7311
2314	489
2315	105
2316	1774
2317	3053
2318	4561
2319	4556
2320	1664
2321	4637
2322	412
2323	7297
2324	1786
2325	4608
2326	4628
2327	1448
2328	593
2329	972
2330	1448
2331	616
2332	7486
2333	7486
2334	571
2335	1683
2336	1310
2337	1304
2338	1122
2339	1557
2340	1005
2341	1992
2342	2209
2343	119
2344	1316
2345	1948
2346	1316
2347	626
2348	6463
2349	970
2350	1058
2351	566
2352	773
2353	4185
2354	1527
2355	469
2356	948
2357	762
2358	794
2359	4006
2360	4449
2361	4309
2362	4571
2363	10654
2364	4553
2365	4518
2366	483
2367	4561
2368	4313
2369	970
2370	4571
2371	4519
2372	1604
2373	370
2374	356
2375	4578
2376	4495
2377	3735
2378	676
2379	4528
2380	5892
2381	4570
2382	4517
2383	4539
2384	4296
2385	4598
2386	4546
2387	725
2388	4593
2389	4567
2390	4436
2391	4538
2392	4567
2393	4609
2394	4576
2395	4595
2396	4535
2397	4571
2398	4529
2399	483
2400	4376
2401	483
2402	4534
2403	483
2404	1078
2405	1904
2406	4739
2407	4517
2408	939
2409	2017
2410	4606
2411	4579
2412	4524
2413	4
2414	3600
2415	814
2416	4600
2417	4567
2418	4606
2419	483
2420	4629
2421	4582
2422	4558
2423	4551
2424	2466
2425	5973
2426	4543
2427	4517
2428	4584
2429	968
2430	4312
2431	4567
2432	4666
2433	4638
2434	4544
2435	4547
2436	4545
2437	1236
2438	384
2439	369
2440	1083
2441	1878
2442	774
2443	2448
2444	290
2445	642
2446	375
2447	603
2448	373
2449	648
2450	410
2451	11219
2452	22164
2453	913
2454	642
2455	2967
2456	1721
2457	255
2458	2685
2459	894
2460	316
2461	1209
2462	1745
2463	1051
2464	15533
2465	447
2466	781
2467	564
2468	138
2469	787
2470	810
2471	2651
2472	475
2473	242
2474	1345
2475	1342
2476	1065
2477	587
2478	802
2479	7216
2480	517
2481	688
2482	448
2483	1120
2484	407
2485	757
2486	2092
2487	411
2488	4127
2489	407
2490	407
2491	640
2492	515
2493	691
2494	507
2495	453
2496	8794
2497	837
2498	1859
2499	1859
2500	2696
2501	1042
2502	459
2503	1042
2504	102
2505	981
2506	1214
2507	1699
2508	1682
2509	975
2510	508218
2511	1091
2512	13831
2513	3256
2514	2162
2515	3296
2516	423
2517	160
2518	2538
2519	409
2520	4306
2521	5494
2522	4543
2523	1024
2524	594
2525	653
2526	805
2527	711
2528	862
2529	1471
2530	1481
2531	982
2532	948
2533	653
2534	653
2535	653
2536	862
2537	862
2538	862
2539	1286
2540	711
2541	711
2542	1471
2543	1471
2544	1471
2545	1471
2546	1471
2547	982
2548	982
2549	982
2550	982
2551	1481
2552	238
2553	368
2554	1388
2555	35
2556	958
2557	1287
2558	1301
2559	162
2560	2220
2561	3131
2562	5140
2563	184
2564	675
2565	1229
2566	439
2567	2407
2568	1345
2569	1304
2570	1128
2571	12
2572	80115
2573	2276
2574	3613
2575	763
2576	372
2577	675
2578	1365
2579	2622
2580	2944
2581	1352
2582	1052
2583	1166
2584	923
2585	3752
2586	965
2587	3132
2588	998
2589	3477
2590	1983
2591	3451
2592	3477
2593	373
2594	106
2595	2283
2596	208
2597	1869
2598	325
2599	1239
2600	1054
2601	1108
2602	108
2603	386
2604	441
2605	713
2606	1098
2607	215
2608	3148
2609	3827
2610	2693
2611	3143
2612	811
2613	804
2614	2634
2615	1132
2616	326
2617	335
2618	378
2619	375
2620	346
2621	339
2622	335
2623	1190
2624	466
2625	749
2626	1168
2627	3416
2628	1541
2629	921
2630	3589
2631	3534
2632	3098
2633	450
2634	1219
2635	15736
2636	2999
2637	3385
2638	555
2639	6971
2640	6971
2641	493
2642	831
2643	831
2644	723
2645	59
2646	938
2647	4756
2648	404
2649	4009
2650	335
2651	852
2652	1453
2653	682
2654	1741
2655	499
2656	762
2657	516
2658	679
2659	712
2660	1350
2661	4009
2662	1605
2663	1606
2664	2202
2665	2833
2666	1176
2667	290
2668	1163
2669	2559
2670	1684
2671	2693
2672	3969
2673	1094
2674	1585
2675	1486
2676	1338
2677	1582
2678	8604
2679	8604
2680	844
2681	8604
2682	1901
2683	416
2684	2801
2685	428
2686	512
2687	767
2688	2290
2689	1582
2690	2059
2691	1944
2692	2321
2693	1959
2694	831
2695	2196
2696	988
2697	6776
2698	382
2699	2348
2700	504
2701	2440
2702	5740
2703	811
2704	5325
2705	2317
2706	2348
2707	916
2708	116
2709	15515
2710	2306
2711	419
2712	2467
2713	513
2714	319
2715	3077
2716	2250
2717	271
2718	7477
2719	2621
2720	906
2721	727
2722	1503
2723	448
2724	666
2725	9586
2726	773
2727	2139
2728	759
2729	5483
2730	736
2731	430
2732	489
2733	156
2734	486
2735	1578
2736	238
2737	1503
2738	755
2739	1220
2740	1262
2741	365
2742	365
2743	801
2744	1406
2745	806
2746	1212
2747	9016
2748	1574
2749	1480
2750	529
2751	1176
2752	1644
2753	1644
2754	175
2755	370
2756	1115
2757	924
2758	26014
2759	604
2760	385
2761	360
2762	760
2763	716
2764	1687
2765	1278
2766	2480
2767	4720
2768	2157
2769	138
2770	1770
2771	4490
2772	10324
2773	7002
2774	8275
2775	309
2776	544
2777	211
2778	3895
2779	4542
2780	2518
2781	1331
2782	1455
2783	923
2784	1599
2785	480
2786	297
2787	288
2788	480
2789	2464
2790	2855
2791	2857
2792	358
2793	3812
2794	480
2795	480
2796	480
2797	480
2798	480
2799	480
2800	480
2801	480
2802	9277
2803	5486
2804	480
2805	480
2806	480
2807	480
2808	480
2809	480
2810	480
2811	480
2812	480
2813	480
2814	480
2815	1343
2816	2858
2817	4187
2818	8369
2819	6657
2820	9758
2821	678
2822	530
2823	2436
2824	2437
2825	2456
2826	3110
2827	287
2828	287
2829	1963
2830	2741
2831	2160
2832	2852
2833	2617
2834	1723
2835	1593
2836	1096
2837	7098
2838	13088
2839	1079
2840	1368
2841	19532
2842	2842
2843	871
2844	3711
2845	426
2846	1119
2847	3546
2848	2063
2849	750
2850	1039
2851	3298
2852	238
2853	2448
2854	316
2855	339
2856	172
2857	1880
2858	18579
2859	143
2860	1325
2861	8456
2862	3032
2863	1042
2864	1005
2865	856
2866	704
2867	788
2868	732
2869	723
2870	1621
2871	829
2872	821
2873	743
2874	774
2875	990
2876	2209
2877	823
2878	1529
2879	229
2880	3049
2881	13052
2882	640
2883	3138
2884	3138
2885	1949
2886	1948
2887	2713
2888	1850
2889	751
2890	829
2891	696
2892	708
2893	1298
2894	1030
2895	915
2896	992
2897	748
2898	1316
2899	1292
2900	1306
2901	743
2902	303
2903	780
2904	498
2905	2670
2906	2551
2907	1385
2908	3138
2909	2875
2910	2456
2911	537
2912	770
2913	270
2914	276
2915	493
2916	506
2917	1463
2918	1514
2919	1327
2920	1190
2921	487
2922	306
2923	283
2924	118
2925	109
2926	130
2927	314
2928	317
2929	320
2930	1306
2931	695
2932	6903
2933	382
2934	5722
2935	625
2936	5159
2937	2689
2938	506
2939	535
2940	1777
2941	1653
2942	2991
2943	2213
2944	268
2945	5722
2946	1490
2947	1490
2948	1490
2949	1445
2950	1469
2951	1418
2952	1368
2953	1363
2954	1374
2955	1437
2956	1358
2957	1433
2958	1427
2959	1437
2960	2992
2961	1455
2962	1404
2963	1433
2964	1369
2965	2890
2966	1421
2967	1473
2968	1494
2969	1418
2970	1404
2971	1427
2972	1339
2973	1374
2974	1358
2975	2891
2976	1421
2977	2373
2978	162
2979	554
2980	609
2981	276
2982	712
2983	259
2984	630
2985	360
2986	636
2987	364
2988	2852
2989	1131
2990	770
2991	1931
2992	379
2993	913
2994	684
2995	7507
2996	872
2997	735
2998	900
2999	896
3000	683
3001	499
3002	726
3003	3174
3004	1495
3005	1323
3006	619
3007	1138
3008	1754
3009	1084
3010	1680
3011	518
3012	56
3013	1177
3014	1947
3015	1677
3016	1441
3017	828
3018	457
3019	705
3020	518
3021	18889
3022	2118
3023	332
3024	9
3025	885
3026	862
3027	826
3028	1984
3029	924
3030	980
3031	1051
3032	1160
3033	1043
3034	506
3035	1188
3036	797
3037	1012
3038	1923
3039	571
3040	897
3041	896
3042	944
3043	512
3044	1153
3045	595
3046	522
3047	6654
3048	266
3049	1152
3050	695
3051	958
3052	844
3053	610
3054	1289
3055	7233
3056	756
3057	1194
3058	675
3059	1055
3060	1181
3061	1027
3062	560
3063	120
3064	851
3065	4537
3066	1152
3067	829
3068	1308
3069	561
3070	578
3071	671
3072	720
3073	1011
3074	608
3075	335
3076	522
3077	821
3078	747
3079	6745
3080	1925
3081	730
3082	1423
3083	930
3084	802
3085	776
3086	1730
3087	250
3088	1218
3089	929
3090	694
3091	1783
3092	220
3093	212
3094	326
3095	1288
3096	859
3097	2963
3098	8877
3099	320
3100	209
3101	278
3102	311
3103	170
3104	194
3105	925
3106	191
3107	244
3108	1764
3109	609
3110	464
3111	352
3112	121
3113	1044
3114	887
3115	916
3116	577
3117	199
3118	191
3119	246
3120	621
3121	586
3122	282
3123	8178
3124	467
3125	1260
3126	1440
3127	462
3128	352
3129	407
3130	922
3131	552
3132	202
3133	193
3134	194
3135	552
3136	519
3137	522
3138	307
3139	2465
3140	290
3141	247
3142	899
3143	3357
3144	747
3145	1449
3146	2518
3147	747
3148	255
3149	966
3150	976
3151	304
3152	261
3153	849
3154	240
3155	1280
3156	2260
3157	296
3158	477
3159	5495
3160	967
3161	42
3162	579
3163	367
3164	831
3165	12964
3166	1782
3167	1993
3168	2041
3169	526
3170	533
3171	764
3172	470
3173	6793
3174	1230
3175	399
3176	509
3177	1695
3178	1879
3179	451
3180	2477
3181	864
3182	1019
3183	3250
3184	311
3185	2603
3186	1588
3187	1985
3188	1343
3189	1151
3190	212
3191	212
3192	5110
3193	5006
3194	5126
3195	2271
3196	1156
3197	113
3198	1472
3199	366
3200	441
3201	1005
3202	658
3203	1059
3204	895
3205	566
3206	946
3207	163
3208	87
3209	322
3210	3219
3211	429
3212	374
3213	1474
3214	4289
3215	613
3216	317
3217	661
3218	250
3219	2
3220	7707
3221	1602
3222	3586
3223	6254
3224	1389
3225	1548
3226	4173
3227	5399
3228	3297
3229	38285
3230	1557
3231	1415
3232	1375
3233	1526
3234	430
3235	4908
3236	3400
3237	2493
3238	1373
3239	2255
3240	3665
3241	830
3242	1324
3243	1418
3244	1417
3245	1417
3246	11279
3247	1373
3248	1402
3249	1370
3250	1415
3251	2195
3252	1418
3253	6036
3254	202
3255	3428
3256	17
3257	1566
3258	1907
3259	2392
3260	3350
3261	985
3262	418
3263	5178
3264	207
3265	984
3266	1116
3267	910
3268	154
3269	157
3270	903
3271	1547
3272	3859
3273	3520
3274	3472
3275	280
3276	951
3277	327
3278	532
3279	583
3280	1929
3281	1701
3282	3689
3283	1136
3284	327
3285	1204
3286	61161
3287	1531
3288	1720
3289	752
3290	1194
3291	2898
3292	1884
3293	1718
3294	537
3295	8576
3296	891
3297	1818
3298	2417
3299	601
3300	1139
3301	609
3302	926
3303	1213
3304	2163
3305	692
3306	2241
3307	875
3308	540
3309	2255
3310	1246
3311	1289
3312	5498
3313	2934
3314	1084
3315	699
3316	5255
3317	1106
3318	1046
3319	2457
3320	1188
3321	582
3322	3809
3323	8464
3324	648
3325	227
3326	795
3327	57
3328	6661
3329	1261
3330	700
3331	2029
3332	502
3333	1686
3334	5135
3335	1686
3336	1522
3337	5143
3338	3709
3339	848
3340	687
3341	1958
3342	10008
3343	10013
3344	943
3345	1296
3346	2159
3347	2294
3348	737
3349	3820
3350	669
3351	354
3352	348
3353	2029
3354	3707
3355	1060
3356	2029
3357	1346
3358	3670
3359	674
3360	737
3361	1001
3362	5768
3363	486
3364	1193
3365	517
3366	413
3367	2356
3368	126
3369	888
3370	1271
3371	1189
3372	1316
3373	1180
3374	309
3375	664
3376	2034
3377	1184
3378	552
3379	350
3380	588
3381	363
3382	204
3383	155
3384	910
3385	658
3386	4892
3387	349
3388	845
3389	321
3390	230
3391	1255
3392	579
3393	321
3394	253
3395	237
3396	575
3397	629
3398	835
3399	550
3400	1001
3401	362
3402	818
3403	7775
3404	2765
3405	804
3406	581
3407	531
3408	578
3409	528
3410	1302
3411	548
3412	2788
3413	545
3414	391
3415	5251
3416	555
3417	896
3418	603
3419	479
3420	479
3421	475
3422	327
3423	4160
3424	13012
3425	3987
3426	896
3427	20427
3428	75
3429	1808
3430	291
3431	730
3432	1427
3433	312
3434	1277
3435	1328
3436	126
3437	653
3438	559
3439	230
3440	898
3441	215
3442	769
3443	876
3444	369
3445	2351
3446	1620
3447	266
3448	8431
3449	264
3450	979
3451	1143
3452	582
3453	582
3454	1161
3455	1032
3456	5778
3457	2583
3458	3021
3459	1114
3460	2279
3461	381
3462	293
3463	838
3464	1700
3465	2373
3466	697
3467	827
3468	1266
3469	1230
3470	1228
3471	7364
3472	912
3473	8096
3474	1087
3475	1002
3476	1002
3477	957
3478	1032
3479	670
3480	1079
3481	1149
3482	340
3483	1311
3484	1287
3485	1095
3486	1074
3487	1251
3488	997
3489	1295
3490	1055
3491	1406
3492	1052
3493	617
3494	1255
3495	816
